<Header>
User name:  user_name
Location:  sample_location
Model: MINI-WRAS
Serial No.: 71-15-01
Software revision:  V8-1 Rev II (2017 Sept 26)
Unit: [1/cm3] 
Comment:  
online data
<Data>
[d&t31/12/2035 11:50:55]	PM10	PM2.5	PM1	Inhalable	Thoracic	Alveolic
19/07/2023 10:25:38	3660.9	629.0	77.5	8437.1	3729.7	1694.1
19/07/2023 10:26:38	3953.7	668.1	83.2	8483.8	4015.6	1823.9
19/07/2023 10:27:38	3620.6	623.0	77.2	7179.4	3696.9	1665.2
19/07/2023 10:28:38	2759.8	517.6	64.4	9608.4	2873.6	1341.4
19/07/2023 10:31:38	3355.3	597.7	73.7	6768.1	3428.1	1596.9
19/07/2023 10:32:38	3461.5	601.1	74.6	6988.2	3549.1	1601.3
19/07/2023 10:33:38	3096.6	575.9	71.2	6460.1	3133.4	1508.7
19/07/2023 10:34:38	3288.3	579.4	71.5	6448.4	3347.8	1534.0
19/07/2023 10:35:38	3273.7	577.4	71.2	7415.4	3364.8	1533.6
19/07/2023 10:36:38	2681.9	504.8	65.3	5744.7	2715.9	1318.9
19/07/2023 10:37:38	3302.2	580.8	71.4	7213.1	3371.1	1544.3
19/07/2023 10:38:38	3091.6	552.2	68.5	5764.1	3110.9	1475.4
19/07/2023 10:39:38	3326.3	562.2	68.3	7119.1	3400.5	1511.9
19/07/2023 10:40:38	3026.7	516.2	63.7	6905.0	3100.5	1380.1
19/07/2023 10:41:38	2840.1	511.7	63.0	6671.3	2879.5	1360.3
19/07/2023 10:42:38	2658.9	484.2	61.4	5223.3	2717.0	1280.1
19/07/2023 10:43:38	2548.3	456.3	58.5	4753.9	2572.0	1217.2
19/07/2023 10:44:38	2410.4	443.3	56.8	5126.6	2498.0	1158.9
19/07/2023 10:45:37	2338.1	444.6	56.0	5043.1	2394.1	1142.9
19/07/2023 10:46:37	2365.8	466.4	58.7	6485.1	2433.5	1190.4
19/07/2023 10:47:37	2360.4	451.2	56.8	5295.2	2414.9	1164.6
19/07/2023 10:48:37	2074.8	398.8	50.9	3916.0	2115.5	1034.2
19/07/2023 10:49:37	2181.9	404.1	52.7	4742.5	2217.5	1059.8
19/07/2023 10:50:37	2278.3	433.9	55.5	4511.2	2321.2	1124.7
19/07/2023 10:51:37	2171.2	418.7	54.2	4448.4	2194.0	1085.1
19/07/2023 10:53:37	1945.0	402.7	52.6	3118.5	1963.1	1016.8
19/07/2023 10:54:37	1901.1	385.6	49.9	3650.0	1924.9	971.1
19/07/2023 10:55:37	1909.1	370.6	47.9	3965.6	1963.2	949.2
19/07/2023 10:56:37	1851.5	355.7	46.5	4162.7	1876.7	914.2
19/07/2023 10:57:37	1651.3	343.5	45.8	3536.8	1686.9	862.6
19/07/2023 10:58:37	1631.7	330.7	43.7	2818.7	1634.6	836.4
19/07/2023 10:59:37	1794.3	360.5	46.9	4028.9	1827.1	919.9
19/07/2023 11:00:37	1838.2	363.8	47.6	3959.5	1879.5	926.3
19/07/2023 11:02:37	2039.1	387.7	49.2	5404.7	2106.6	990.8
19/07/2023 11:03:37	2100.1	383.2	48.4	4748.0	2148.1	1000.9
19/07/2023 11:04:37	2067.2	379.4	48.7	5069.5	2149.8	992.6
19/07/2023 11:05:37	2020.1	364.1	47.5	5060.8	2075.7	955.0
19/07/2023 11:06:37	1954.9	351.4	46.5	4725.3	2010.3	935.8
19/07/2023 11:07:37	1745.3	347.3	44.3	4917.2	1778.5	880.7
19/07/2023 11:08:37	1824.6	347.3	44.3	4760.0	1892.4	893.5
19/07/2023 11:10:37	1771.0	307.0	41.0	6967.7	1898.8	816.3
19/07/2023 11:11:37	1645.7	302.9	40.3	4339.1	1697.2	794.3
19/07/2023 11:12:37	1960.8	353.4	43.6	8782.5	2144.8	912.8
19/07/2023 11:13:37	2185.7	320.6	42.0	7020.0	2343.4	921.6
19/07/2023 11:14:37	1909.4	314.4	40.1	5358.3	1972.9	857.8
19/07/2023 11:15:37	1809.5	306.1	39.4	5432.9	1869.9	831.2
19/07/2023 11:16:37	1833.1	306.2	39.0	3734.7	1884.0	842.9
19/07/2023 11:17:37	1982.8	322.6	40.2	4046.5	2009.9	890.7
19/07/2023 11:18:37	2168.4	352.7	44.0	5063.4	2211.3	988.8
19/07/2023 11:19:37	2764.9	449.8	59.2	5952.8	2829.5	1243.5
19/07/2023 11:20:37	2987.7	503.0	65.8	5975.6	3042.3	1350.1
19/07/2023 11:21:37	3219.5	527.3	69.7	6599.6	3314.8	1444.6
19/07/2023 11:22:37	3360.9	569.5	74.8	6852.4	3431.7	1539.6
19/07/2023 11:23:37	3251.1	563.6	72.7	7741.9	3326.2	1515.9
19/07/2023 11:24:37	4072.1	674.6	86.1	8372.1	4120.9	1840.6
19/07/2023 11:25:37	3342.1	567.6	73.0	7073.1	3410.9	1532.9
19/07/2023 11:26:37	3480.4	553.8	69.3	10632.8	3672.3	1536.3
19/07/2023 11:27:37	3239.3	535.8	69.2	7446.1	3320.6	1452.1
19/07/2023 11:28:37	3550.1	608.2	79.5	8359.4	3651.4	1625.3
19/07/2023 11:29:37	3623.6	609.9	80.4	7749.0	3696.7	1636.2
19/07/2023 11:30:37	3537.6	588.4	73.5	13326.0	3686.5	1588.9
19/07/2023 11:31:37	4183.1	676.3	88.0	12032.2	4359.4	1829.0
19/07/2023 11:32:37	3974.8	674.2	88.0	8927.1	4076.8	1808.1
19/07/2023 11:33:37	4149.9	712.9	91.3	8626.2	4246.9	1892.2
19/07/2023 11:34:37	4529.2	748.0	95.1	10350.9	4670.7	2027.8
19/07/2023 11:35:37	4624.3	744.5	95.5	10842.9	4743.0	2029.2
19/07/2023 11:36:37	4496.1	742.8	93.3	14561.3	4668.4	2001.9
19/07/2023 11:37:37	4724.1	780.4	99.9	10873.2	4830.9	2133.9
19/07/2023 11:38:37	5326.9	856.7	107.8	12832.7	5532.8	2326.5
19/07/2023 11:39:37	5012.7	813.1	104.4	11482.4	5155.7	2222.1
19/07/2023 11:40:37	5365.5	873.6	112.5	12836.8	5570.1	2361.9
19/07/2023 11:41:37	5204.9	855.1	111.6	11949.4	5397.6	2296.0
19/07/2023 11:42:37	4845.0	844.6	109.6	10236.2	4928.7	2243.2
19/07/2023 11:43:37	5024.3	846.6	110.3	9984.4	5111.8	2282.6
19/07/2023 11:44:37	4681.8	811.0	104.4	9857.1	4786.5	2159.2
19/07/2023 11:45:37	4543.0	801.0	104.1	13180.4	4704.8	2123.3
19/07/2023 11:46:37	4514.0	774.5	100.3	8917.1	4606.9	2071.6
19/07/2023 11:48:37	3949.1	737.3	95.0	8296.2	4043.5	1892.9
19/07/2023 11:49:37	4442.3	871.1	104.0	11659.1	4619.2	2149.9
19/07/2023 11:50:37	6332.7	1015.1	117.1	18145.3	6664.1	2797.4
19/07/2023 11:51:37	3608.8	682.8	91.2	8577.1	3678.3	1749.9
19/07/2023 11:52:37	3524.3	675.9	88.8	7812.3	3579.8	1705.7
19/07/2023 11:53:37	3489.1	689.6	94.2	12192.8	3611.7	1730.5
19/07/2023 11:54:37	3714.2	702.8	92.3	9742.4	3811.8	1781.1
19/07/2023 11:55:37	3551.3	664.2	88.5	9005.0	3694.4	1704.6
19/07/2023 11:56:37	3564.9	668.8	88.5	7538.1	3653.8	1712.5
19/07/2023 11:57:37	3429.5	671.6	89.7	6424.1	3485.1	1688.4
19/07/2023 11:58:37	3263.1	645.2	87.4	7156.8	3349.2	1610.8
19/07/2023 11:59:37	3549.1	686.0	92.8	7495.2	3623.6	1730.3
19/07/2023 12:00:37	3585.4	665.1	90.2	8011.0	3666.2	1698.2
19/07/2023 12:01:37	3356.4	661.3	90.9	7057.0	3481.6	1644.8
19/07/2023 12:02:37	3318.2	642.4	88.6	7716.6	3396.5	1615.0
19/07/2023 12:03:37	3649.7	666.6	91.0	14329.7	3854.5	1695.0
19/07/2023 12:04:37	3340.1	633.3	88.4	9072.3	3460.4	1610.8
19/07/2023 12:05:37	3368.9	641.9	88.1	7010.2	3465.2	1620.4
19/07/2023 12:06:37	3302.6	633.3	86.1	7677.9	3365.9	1610.3
19/07/2023 12:08:37	3308.2	609.0	84.2	8948.8	3416.6	1560.7
19/07/2023 12:09:37	3326.1	597.0	81.8	7259.2	3402.0	1557.5
19/07/2023 12:10:37	3201.3	595.0	80.8	6545.6	3295.8	1526.7
19/07/2023 12:11:37	3191.3	592.7	80.0	7187.8	3294.9	1519.1
19/07/2023 12:12:37	2955.3	552.0	76.1	6879.1	3049.8	1416.0
19/07/2023 12:13:37	2950.2	544.9	74.4	5881.1	3013.6	1392.7
19/07/2023 12:14:37	4237.8	664.5	82.0	22654.8	4688.8	1766.4
19/07/2023 12:15:37	4121.4	590.4	78.9	23537.3	4612.9	1636.1
19/07/2023 12:16:37	2610.0	504.9	69.6	5256.2	2652.4	1260.8
19/07/2023 12:17:37	2589.5	504.1	69.0	4816.5	2640.0	1279.8
19/07/2023 12:18:37	2529.8	499.7	67.7	4849.3	2544.8	1256.1
19/07/2023 12:19:37	2378.4	491.5	68.1	4692.7	2419.3	1222.7
19/07/2023 12:21:37	2305.7	517.8	70.2	4428.5	2317.2	1243.9
19/07/2023 12:22:37	2316.4	494.9	67.6	4415.6	2338.0	1211.2
19/07/2023 12:23:37	2116.7	436.8	59.9	3823.0	2135.9	1077.7
19/07/2023 12:24:37	2022.9	417.9	57.9	3652.8	2042.2	1031.5
19/07/2023 12:25:37	1942.7	407.2	57.7	5142.5	1980.8	1002.9
19/07/2023 12:26:37	2031.3	425.2	59.1	3466.3	2044.7	1054.3
19/07/2023 12:27:37	2137.3	436.5	60.4	4280.3	2183.9	1080.6
19/07/2023 12:29:37	2295.9	461.3	63.2	4963.3	2361.7	1142.4
19/07/2023 12:30:37	2411.3	456.5	63.1	5174.2	2483.1	1155.6
19/07/2023 12:31:37	2415.9	467.5	63.8	6174.7	2494.7	1175.8
19/07/2023 12:32:37	2516.3	479.7	64.4	5426.3	2566.5	1208.2
19/07/2023 12:33:37	2425.8	469.9	64.2	5170.3	2479.0	1175.5
19/07/2023 12:34:37	2449.8	487.4	64.8	5668.9	2542.1	1211.7
19/07/2023 12:35:37	2442.3	475.4	64.9	4894.5	2476.3	1189.0
19/07/2023 12:36:37	2478.4	476.9	65.3	5817.8	2535.1	1187.3
19/07/2023 12:37:37	2397.5	486.6	65.3	5066.0	2454.3	1194.7
19/07/2023 12:38:37	2691.0	505.4	68.6	7723.2	2792.8	1280.3
19/07/2023 12:39:37	2669.1	508.7	68.9	6387.3	2761.4	1276.5
19/07/2023 12:40:37	2878.9	550.4	72.4	6056.7	2929.0	1385.5
19/07/2023 12:41:37	3102.6	579.6	75.6	7152.3	3209.1	1470.5
19/07/2023 12:42:37	3001.6	539.4	72.7	7104.7	3083.5	1382.2
19/07/2023 12:43:37	2876.6	526.4	70.7	8238.2	3002.0	1344.6
19/07/2023 12:44:37	2605.2	513.7	69.2	6182.6	2700.1	1278.3
19/07/2023 12:45:37	2576.2	503.0	66.5	5261.0	2611.0	1255.0
19/07/2023 12:46:37	2436.3	483.1	64.6	5148.1	2493.9	1198.3
19/07/2023 12:47:37	2423.9	475.1	62.9	5589.0	2481.3	1171.9
19/07/2023 12:48:37	2393.2	458.3	62.1	5848.8	2471.6	1160.7
19/07/2023 12:49:37	2437.7	465.0	62.5	4902.9	2474.0	1168.2
19/07/2023 12:50:37	4765.4	542.7	68.3	18957.3	5250.0	1661.6
19/07/2023 12:51:37	2699.3	460.2	61.0	8175.0	2837.3	1202.0
19/07/2023 12:52:37	2209.6	438.4	58.5	5036.8	2275.8	1082.5
19/07/2023 12:53:37	2363.5	454.7	59.5	4295.0	2395.3	1143.6
19/07/2023 12:55:37	2307.4	439.9	58.4	4740.4	2376.4	1104.0
19/07/2023 12:56:37	2265.8	426.5	58.2	4348.0	2318.1	1080.3
19/07/2023 12:57:37	2218.2	427.0	56.2	4099.1	2257.6	1069.7
19/07/2023 12:58:37	2070.7	408.2	55.6	3858.0	2109.5	1016.9
19/07/2023 12:59:37	1970.3	389.5	53.8	3817.6	2022.1	975.9
19/07/2023 13:00:37	1802.9	386.7	51.9	3885.4	1834.5	933.2
19/07/2023 13:01:37	1837.5	366.4	50.1	3416.6	1881.4	907.4
19/07/2023 13:02:37	1874.7	377.6	52.0	3479.7	1912.0	930.0
19/07/2023 13:03:37	1771.8	347.4	48.0	3359.9	1799.3	876.6
19/07/2023 13:04:37	1770.6	362.0	48.2	3324.8	1793.4	888.8
19/07/2023 13:05:37	1715.4	340.6	47.6	3076.6	1731.8	856.7
19/07/2023 13:06:36	1765.5	353.8	47.3	3317.9	1790.2	879.7
19/07/2023 13:07:36	1636.6	328.1	45.6	3101.5	1656.7	818.2
19/07/2023 13:08:36	1726.8	349.8	47.2	2970.2	1749.8	868.4
19/07/2023 13:09:37	1706.8	353.3	47.3	3231.1	1729.6	877.5
19/07/2023 13:10:36	1815.4	350.0	47.9	3532.4	1858.9	867.4
19/07/2023 13:11:36	1637.7	331.9	44.8	3237.7	1666.5	824.4
19/07/2023 13:12:36	1681.7	339.8	45.8	3146.8	1730.1	839.5
19/07/2023 13:13:36	1691.8	344.4	46.3	3347.7	1737.3	850.7
19/07/2023 13:14:36	1779.6	341.3	45.6	4437.1	1824.2	855.8
19/07/2023 13:15:36	1760.9	339.9	46.1	4852.3	1821.4	858.1
19/07/2023 13:16:36	1710.6	340.5	45.5	3122.8	1745.9	853.0
19/07/2023 13:17:36	2024.8	391.5	50.4	3882.3	2075.1	983.2
19/07/2023 13:18:36	1851.6	340.0	45.2	4046.1	1898.8	877.9
19/07/2023 13:19:36	1888.9	353.1	46.6	4029.5	1945.9	900.9
19/07/2023 13:20:36	1794.8	340.5	45.2	3431.7	1833.7	873.7
19/07/2023 13:21:36	1867.7	355.3	46.2	3465.9	1894.9	905.8
19/07/2023 13:22:36	1953.8	350.3	46.2	5152.1	2029.7	919.1
19/07/2023 13:23:36	1948.8	361.1	46.5	3996.5	2004.5	928.3
19/07/2023 13:24:36	1943.4	356.1	45.7	4050.7	1998.3	920.8
19/07/2023 13:26:36	2308.9	521.1	52.5	4589.0	2354.6	1233.4
19/07/2023 13:27:36	2258.6	386.2	47.5	4441.8	2317.7	1042.5
19/07/2023 13:28:36	2332.4	404.9	48.9	4950.2	2383.1	1083.4
19/07/2023 13:29:36	2433.2	425.7	51.1	4634.2	2459.4	1139.6
19/07/2023 13:30:36	2644.1	424.8	50.3	5967.8	2743.5	1177.4
19/07/2023 13:31:36	2428.7	431.0	53.0	4495.8	2473.2	1135.9
19/07/2023 13:32:36	2426.3	423.9	50.1	4736.8	2468.8	1133.0
19/07/2023 13:33:36	2388.9	412.1	49.5	4688.6	2433.6	1108.1
19/07/2023 13:35:36	2908.1	430.6	51.0	6728.5	2989.7	1244.7
19/07/2023 13:36:36	2363.9	398.2	47.5	4871.7	2421.8	1080.9
19/07/2023 13:38:36	2166.8	375.8	46.6	5085.7	2223.0	997.0
19/07/2023 13:39:36	2146.9	372.3	46.0	4381.8	2190.3	998.2
19/07/2023 13:40:36	2107.0	365.1	45.6	4039.7	2145.7	978.6
19/07/2023 13:41:36	2107.0	374.9	47.5	4070.7	2124.0	985.9
19/07/2023 13:42:36	2116.2	365.6	45.3	4838.9	2145.8	979.9
19/07/2023 13:43:36	1902.8	345.9	43.1	3649.0	1913.4	914.1
19/07/2023 13:44:36	1829.0	334.7	42.2	3181.6	1844.2	876.5
19/07/2023 13:46:36	4095.7	520.5	55.6	15457.5	4477.7	1517.6
19/07/2023 13:47:36	2064.0	317.8	41.0	4975.8	2152.9	883.3
19/07/2023 13:48:36	7598.3	638.9	60.8	30732.8	8653.7	2247.8
19/07/2023 13:49:36	2700.1	364.7	45.0	7980.7	2879.7	1072.3
19/07/2023 13:50:36	4450.3	484.7	51.2	12016.7	4672.0	1557.0
19/07/2023 13:51:36	3416.4	395.8	45.6	8128.4	3544.2	1268.8
19/07/2023 13:52:36	2480.7	360.4	43.8	5682.7	2553.6	1027.1
19/07/2023 13:53:36	2365.5	344.2	42.4	5735.7	2443.4	989.0
19/07/2023 13:54:36	2283.7	347.0	42.4	4588.1	2322.6	964.4
19/07/2023 13:55:36	2024.3	326.5	40.3	4281.5	2071.8	900.3
19/07/2023 13:56:36	1796.1	307.6	38.7	3633.2	1825.8	818.4
19/07/2023 13:57:36	1865.4	314.4	39.4	3581.0	1896.1	840.2
19/07/2023 13:58:36	1796.8	302.8	38.5	3627.7	1837.6	815.6
19/07/2023 13:59:36	1739.4	290.5	38.1	2920.1	1734.2	781.0
19/07/2023 14:00:36	1548.5	274.4	36.9	2879.8	1557.2	721.8
19/07/2023 14:02:36	1450.2	256.3	34.7	2313.1	1444.8	668.8
19/07/2023 14:03:36	1309.6	247.6	34.0	2288.2	1331.8	644.1
19/07/2023 14:04:36	1227.0	231.8	32.1	1994.3	1231.5	594.9
19/07/2023 14:05:36	1211.0	226.8	32.6	1863.6	1211.6	596.8
19/07/2023 14:06:36	1245.0	221.4	31.9	2652.3	1259.5	578.2
19/07/2023 14:07:36	1166.8	225.4	31.6	1684.3	1149.6	574.7
19/07/2023 14:08:36	1152.9	216.9	30.5	1771.5	1149.7	566.2
19/07/2023 14:09:36	1149.6	214.4	30.7	1780.6	1155.2	563.0
19/07/2023 14:10:36	1194.4	227.6	31.3	1995.7	1205.0	585.6
19/07/2023 14:11:36	1213.3	229.1	31.7	2242.7	1225.3	590.0
19/07/2023 14:12:36	1123.5	212.0	31.0	1772.6	1127.1	551.4
19/07/2023 14:13:36	1138.1	220.7	31.5	1826.2	1148.7	569.0
19/07/2023 14:14:36	1112.6	221.0	31.8	1822.5	1113.3	561.6
19/07/2023 14:15:36	1109.6	220.4	31.2	1599.4	1100.7	557.4
19/07/2023 14:16:36	1115.5	220.7	31.4	1809.7	1122.3	560.8
19/07/2023 14:17:36	1099.1	221.2	31.6	1885.8	1120.7	561.9
19/07/2023 14:18:36	1119.8	225.2	32.2	2472.9	1137.3	561.6
19/07/2023 14:19:36	1127.4	214.9	31.6	2284.9	1140.8	555.7
19/07/2023 14:20:36	1150.4	224.8	31.5	2666.0	1177.0	567.6
19/07/2023 14:21:36	1132.8	218.1	31.5	2533.6	1158.7	549.1
19/07/2023 14:22:36	1052.0	203.5	30.5	1890.2	1061.8	513.0
19/07/2023 14:23:36	1041.5	209.8	31.0	1912.2	1047.4	529.3
19/07/2023 14:24:36	1015.0	210.5	30.9	1810.7	1026.4	520.5
19/07/2023 14:25:36	998.5	207.7	30.9	1700.2	1000.5	515.5
19/07/2023 14:26:36	968.6	200.0	29.8	1507.2	966.1	503.6
19/07/2023 14:27:36	952.3	200.3	30.4	1968.2	962.8	488.5
19/07/2023 14:28:36	885.4	190.6	28.8	1561.3	893.8	459.0
19/07/2023 14:29:36	915.4	192.4	28.7	1466.8	925.7	474.9
19/07/2023 14:30:36	919.6	189.7	28.7	1699.8	923.8	463.1
19/07/2023 14:31:36	1007.1	192.7	29.0	2016.2	1023.4	494.2
19/07/2023 14:32:36	1122.2	215.7	31.3	2131.0	1153.5	544.5
19/07/2023 14:33:36	1083.1	204.5	30.4	2060.3	1110.4	519.4
19/07/2023 14:34:36	1058.3	213.1	31.3	2165.1	1080.1	532.5
19/07/2023 14:35:36	1131.9	216.6	31.6	2405.8	1169.2	544.6
19/07/2023 14:36:36	1228.2	231.3	33.0	2729.1	1262.7	584.6
19/07/2023 14:37:36	1217.6	222.9	33.0	2344.1	1245.0	574.0
19/07/2023 14:38:36	1479.9	251.5	35.4	4407.2	1558.3	658.3
19/07/2023 14:39:36	1562.9	260.6	36.3	3579.1	1634.1	686.2
19/07/2023 14:40:36	2495.6	326.6	41.1	8188.4	2672.0	935.7
19/07/2023 14:41:36	1608.5	283.4	39.1	3494.5	1641.2	730.1
19/07/2023 14:42:36	1610.4	293.2	39.7	3673.0	1697.3	748.2
19/07/2023 14:43:36	1599.5	289.4	39.9	4413.4	1674.5	743.6
19/07/2023 14:44:36	1547.9	279.2	38.7	3685.2	1621.1	710.2
19/07/2023 14:45:36	1550.7	282.5	39.0	3840.2	1622.8	717.5
19/07/2023 14:46:36	1567.2	280.9	39.8	3225.6	1602.9	710.7
19/07/2023 14:47:36	1491.7	290.1	41.0	3735.9	1553.4	715.6
19/07/2023 14:48:36	1545.3	294.6	41.8	3363.4	1590.3	740.9
19/07/2023 14:49:36	1556.1	284.3	39.5	3130.2	1593.3	736.2
19/07/2023 14:50:36	1599.3	284.2	40.7	3360.0	1630.9	721.6
19/07/2023 14:51:36	1584.4	285.1	41.2	3223.5	1622.0	725.3
19/07/2023 14:52:36	1529.6	279.0	40.0	4044.0	1604.9	718.4
19/07/2023 14:53:36	1515.6	284.5	41.2	3064.8	1567.1	714.2
19/07/2023 14:54:36	1823.7	300.2	43.2	4653.7	1910.3	784.6
19/07/2023 14:55:36	1550.5	282.2	39.8	3326.3	1585.1	726.7
19/07/2023 14:56:36	1466.0	260.2	38.1	3383.1	1508.1	672.5
19/07/2023 14:57:36	1415.5	251.5	37.4	3125.7	1457.7	652.4
19/07/2023 14:58:36	1298.5	247.2	36.1	2970.8	1358.7	618.5
19/07/2023 14:59:36	1266.1	245.4	36.1	2216.8	1295.5	611.8
19/07/2023 15:00:36	1292.3	241.9	34.8	2914.9	1331.4	605.0
19/07/2023 15:01:36	1254.5	234.4	34.8	2355.6	1283.8	591.2
19/07/2023 15:02:36	1359.5	238.9	34.8	3512.4	1402.8	609.1
19/07/2023 15:03:36	1324.2	248.7	34.4	2953.7	1369.3	631.3
19/07/2023 15:04:36	1247.2	228.8	33.0	2813.4	1302.3	585.4
19/07/2023 15:05:36	1113.5	205.1	31.5	2227.1	1144.0	531.3
19/07/2023 15:06:36	1113.9	201.9	30.5	2747.1	1142.8	521.4
19/07/2023 15:07:36	1134.3	212.9	31.0	2173.5	1145.0	538.4
19/07/2023 15:08:36	1095.9	208.6	31.1	2404.6	1125.9	528.0
19/07/2023 15:09:36	1148.3	219.9	32.7	2374.4	1188.7	551.5
19/07/2023 15:10:36	1239.3	230.9	35.1	3312.1	1274.2	586.3
19/07/2023 15:11:36	1271.2	242.9	36.5	2799.8	1309.4	608.5
19/07/2023 15:12:36	1354.8	251.0	36.6	2768.6	1376.1	633.2
19/07/2023 15:13:36	1383.9	259.3	38.5	2414.9	1401.7	660.0
19/07/2023 15:15:36	1375.7	259.6	39.2	2629.0	1415.6	655.5
19/07/2023 15:16:36	1469.6	276.6	41.1	3143.4	1516.9	689.7
19/07/2023 15:17:36	1491.4	284.9	42.5	2714.9	1526.9	705.0
19/07/2023 15:18:36	1506.4	290.8	43.7	2801.2	1530.4	723.4
19/07/2023 15:19:36	1450.8	292.9	43.5	2479.0	1470.1	719.3
19/07/2023 15:20:36	1489.8	299.2	43.8	2763.9	1514.8	728.5
19/07/2023 15:21:36	1427.1	291.7	43.9	2560.6	1449.7	704.6
19/07/2023 15:22:36	1682.2	384.3	51.4	3238.8	1715.3	870.0
19/07/2023 15:23:36	1663.3	335.6	48.7	2977.6	1689.7	832.3
19/07/2023 15:24:36	1368.0	295.2	45.5	2178.9	1380.3	704.8
19/07/2023 15:25:36	1344.4	306.1	45.4	2824.7	1364.1	714.3
19/07/2023 15:26:36	1407.9	304.1	45.4	2484.8	1423.3	720.9
19/07/2023 15:27:35	1447.4	309.9	45.9	2951.2	1476.0	743.9
19/07/2023 15:28:35	1418.6	305.2	46.4	2713.9	1446.7	722.6
19/07/2023 15:29:36	1297.5	288.4	44.7	2217.8	1317.1	680.6
19/07/2023 15:30:35	1344.8	294.1	43.9	2268.7	1359.4	698.6
19/07/2023 15:31:36	1241.1	276.6	42.6	1882.6	1239.1	655.1
19/07/2023 15:33:35	1261.1	280.6	43.6	2450.1	1287.4	662.7
19/07/2023 15:34:35	1333.1	298.4	45.1	2395.3	1342.4	703.4
19/07/2023 15:36:35	1146.2	256.1	40.8	1790.2	1143.3	599.9
19/07/2023 15:39:35	1065.5	238.1	38.2	1753.0	1063.2	565.0
19/07/2023 15:40:35	1032.3	235.2	37.7	1417.2	1018.5	551.1
19/07/2023 15:41:35	1018.4	232.3	37.5	2101.1	1025.8	545.6
19/07/2023 15:43:35	1128.7	257.0	39.6	2567.8	1159.1	598.0
19/07/2023 15:44:35	947.6	227.9	36.4	1748.5	953.4	526.9
19/07/2023 15:45:35	877.2	224.0	35.7	1403.9	882.6	504.0
19/07/2023 15:46:35	874.6	220.2	34.4	1725.9	875.5	493.6
19/07/2023 15:47:35	880.1	203.3	33.7	1374.5	884.0	472.3
19/07/2023 15:48:35	880.6	200.3	32.5	2461.9	902.4	460.8
19/07/2023 15:50:35	2076.0	541.4	60.7	6577.7	2145.4	1144.8
19/07/2023 15:51:35	1653.7	313.4	44.6	7881.4	1764.4	797.4
19/07/2023 15:52:35	809.8	201.2	32.9	1604.8	825.0	455.9
19/07/2023 15:53:35	892.0	211.4	32.7	1932.6	902.5	484.5
19/07/2023 15:54:35	909.2	204.0	32.6	1729.9	920.4	474.2
19/07/2023 15:55:35	848.4	196.3	31.1	1662.2	866.0	455.9
19/07/2023 15:56:35	1341.1	244.5	36.8	6212.8	1473.1	624.3
19/07/2023 15:57:35	943.3	209.2	33.3	1796.8	952.3	487.0
19/07/2023 15:58:35	1252.6	247.6	38.3	2646.5	1281.0	604.9
19/07/2023 15:59:35	1185.7	234.5	36.1	2368.9	1221.4	577.3
19/07/2023 16:00:35	1081.7	223.4	34.5	2702.8	1114.9	536.8
19/07/2023 16:01:35	1186.5	238.5	35.9	2209.3	1209.8	577.1
19/07/2023 16:02:35	1448.1	263.5	38.8	2868.3	1475.9	664.9
19/07/2023 16:03:35	1496.5	277.8	40.1	3649.5	1551.1	700.4
19/07/2023 16:04:35	1621.3	294.0	41.4	3783.5	1687.8	748.4
19/07/2023 16:05:35	1644.6	308.5	42.4	3354.0	1696.0	771.6
19/07/2023 16:06:35	1758.2	313.8	44.5	4013.0	1821.8	812.4
19/07/2023 16:07:35	1684.8	311.2	43.9	3755.2	1745.5	791.4
19/07/2023 16:08:35	1627.0	298.3	42.2	3384.8	1655.2	758.4
19/07/2023 16:09:35	1567.7	302.4	42.0	2980.0	1598.0	752.1
19/07/2023 16:10:35	1476.5	280.1	40.4	2714.6	1498.1	700.2
19/07/2023 16:11:35	1539.9	289.3	40.5	3139.3	1573.3	728.0
19/07/2023 16:12:35	1631.6	290.6	40.2	7346.0	1716.4	745.5
19/07/2023 16:13:35	1558.3	280.7	40.3	3342.8	1596.2	715.8
19/07/2023 16:15:35	1374.2	275.8	38.2	2671.1	1391.7	674.7
19/07/2023 16:16:35	1402.5	269.1	38.0	2777.9	1439.9	674.8
19/07/2023 16:17:35	1387.7	262.1	37.0	2703.3	1405.3	670.5
19/07/2023 16:20:35	1437.8	262.7	36.0	3253.0	1462.6	673.9
19/07/2023 16:21:35	1481.2	272.0	36.6	3740.2	1521.1	695.1
19/07/2023 16:22:35	1548.4	270.9	37.1	3075.3	1572.6	698.8
19/07/2023 16:23:35	1496.6	267.9	37.0	3012.3	1525.2	698.3
19/07/2023 16:24:35	1486.4	262.8	36.4	3384.8	1514.0	679.5
19/07/2023 16:25:35	1529.5	272.2	37.2	3915.1	1587.7	703.6
19/07/2023 16:26:35	1450.8	270.6	36.8	4167.1	1493.9	684.1
